MAE=0.39151026801343236
RMSE=0.546981860242365
R2=0.5044187188394645
