MAE=0.3991546517857966
RMSE=0.5480572950016529
R2=0.5024680535145283
